             29.8000              0.0001              0.0001             25.2120             74.8736             83.9608             -5.7880
             29.6000              0.0001              0.0001             24.8898             74.5711             83.4156             -5.6379
             29.4000              0.0001              0.0001             24.5695             74.2804             82.8704             -5.4791
             29.2000              0.0001              0.0001             24.2513             73.9815             82.3252             -5.3259
             29.0000              0.0001              0.0001             23.9351             73.6766             81.7800             -5.1767
             28.8000              0.0001              0.0001             23.6210             73.3606             81.2348             -5.0351
             28.6000              0.0001              0.0001             23.3088             73.0364             80.6896             -4.8989
             28.4000              0.0001              0.0001             22.9987             72.7064             80.1444             -4.7666
             28.2000              0.0001              0.0001             22.6906             72.3601             79.5992             -4.6455
             28.0000              0.0001              0.0001             22.3846             72.0035             79.0540             -4.5313
             27.8000              0.0001              0.0001             22.0806             71.6355             78.5088             -4.4247
             27.6000              0.0001              0.0001             21.7786             71.2513             77.9636             -4.3293
             27.4000              0.0001              0.0001             21.4787             70.8502             77.4184             -4.2454
             27.2000              0.0001              0.0001             21.1808             70.4307             76.8732             -4.1742
             27.0000              0.0001              0.0001             20.8850             69.9944             76.3280             -4.1145
             26.8000              0.0001              0.0001             20.5913             69.5335             75.7828             -4.0721
             26.6000              0.0001              0.0001             20.2996             69.0440             75.2376             -4.0497
             26.4000              0.0001              0.0001             20.0100             68.5214             74.6924             -4.0510
             26.2000              0.0001              0.0001             19.7226             67.9950             74.1472             -4.0550
             26.0000              0.0001              0.0001             19.4372             67.4232             73.6020             -4.0919
             25.8000              0.0001              0.0001             19.1539             66.8119             73.0568             -4.1581
             25.6000              0.0001              0.0001             18.8729             66.1574             72.5116             -4.2567
             25.4000              0.0001              0.0001             18.5939             65.4351             71.9664             -4.4070
             25.2000              0.0001              0.0001             18.3172             64.6574             71.4212             -4.6012
             25.0000              0.0001              0.0001             18.0427             63.7961             70.8760             -4.8626
             24.8000              0.0001              0.0001             17.7704             62.8604             70.3308             -5.1871
             24.6000              0.0001              0.0001             17.5005             61.8766             69.7856             -5.5573
             24.4000              0.0001              0.0001             17.2328             60.7285             69.2404             -6.0701
             24.2000              0.0001              0.0001             16.9676             59.5822             68.6952             -6.5977
             24.0000              0.0001              0.0001             16.7049             58.2860             68.1500             -7.2712
             23.8000              0.0001              0.0001             16.4447             56.8711             67.6048             -8.0766
             23.6000              0.0001              0.0001             16.1871             55.3387             67.0596             -9.0269
             23.4000              0.0001              0.0001             15.9322             53.6407             66.5144            -10.1869
             23.2000              0.0001              0.0001             15.6802             51.9537             65.9692            -11.4034
             23.0000              0.0001              0.0002             15.4312             50.1898             65.4240            -12.7773
             22.8000              0.0001              0.0002             15.1853             48.2059             64.8788            -14.4986
             22.6000              0.0001              0.0002             14.9427             46.2002             64.3336            -16.3837
             22.4000              0.0001              0.0002             14.7037             44.0924             63.7884            -18.5667
             22.2000              0.0001              0.0002             14.4686             42.0113             63.2432            -20.9157
             22.0000              0.0001              0.0002             14.2374             40.0059             62.6980            -23.3729
             21.8000              0.0001              0.0003             14.0105             37.7846             62.1528            -26.4583
             21.6000              0.0001              0.0003             13.7832             35.8667             61.6076            -29.3130
             21.4000              0.0001              0.0003             13.5604             33.7855             61.0624            -32.8284
             21.2000              0.0001              0.0004             13.3426             31.8564             60.5172            -36.4178
             21.0000              0.0001              0.0004             13.1299             30.0140             59.9720            -40.2184
             20.8000              0.0001              0.0005             12.9231             28.1572             59.4268            -44.5413
             20.6000              0.0001              0.0005             12.7228             26.5042             58.8816            -48.7675
             20.4000              0.0001              0.0006             12.5295             24.9062             58.3364            -53.3318
             20.2000              0.0001              0.0007             12.3442             23.4053             57.7912            -58.0960
             20.0000              0.0001              0.0008             12.1678             22.0764             57.2460            -62.6933
             19.8000              0.0001              0.0009             12.0012             20.8760             56.7008            -67.2035
             19.6000              0.0001              0.0010             11.8460             19.6875             56.1556            -72.1816
             19.4000              0.0001              0.0011             11.7036             18.7343             55.6104            -76.3184
             19.2000              0.0001              0.0013             11.5755             17.9010             55.0652            -80.0862
             19.0000              0.0001              0.0015             11.4641             17.0699             54.5200            -84.1950
             18.8000              0.0001              0.0017             11.3712             16.3529             53.9748            -87.8279
             18.6000              0.0001              0.0020             11.2996             15.7494             53.4296            -90.8492
             18.4000              0.0001              0.0023             11.2530             15.2146             52.8844            -93.5080
             18.2000              0.0001              0.0026             11.2338             14.7525             52.3392            -95.6940
             18.0000              0.0002              0.0030             11.2472             14.3582             51.7940            -97.3783
             17.8000              0.0002              0.0034             11.2979             14.0807             51.2488            -98.0233
             17.6000              0.0002              0.0039             11.3906             13.8852             50.7036            -97.8942
             17.4000              0.0002              0.0045             11.5339             13.7519             50.1584            -97.1538
             17.2000              0.0002              0.0052             11.7334             13.7849             49.6132            -94.7986
             17.0000              0.0002              0.0059             11.9983             13.8508             49.0680            -92.1587
             16.8000              0.0002              0.0068             12.3408             14.0033             48.5228            -88.7747
             16.6000              0.0002              0.0078             12.7694             14.2682             47.9776            -84.5191
             16.4000              0.0003              0.0089             13.3000             14.6573             47.4324            -79.4511
             16.2000              0.0003              0.0101             13.9492             15.1854             46.8872            -73.6555
             16.0000              0.0003              0.0115             14.7315             15.8508             46.3420            -67.3772
             15.8000              0.0004              0.0131             15.6672             16.6842             45.7968            -60.6581
             15.6000              0.0004              0.0149             16.7796             17.7036             45.2516            -53.6715
             15.4000              0.0004              0.0170             18.0956             18.9314             44.7064            -46.5800
             15.2000              0.0005              0.0193             19.6537             20.4269             44.1612            -39.4160
             15.0000              0.0005              0.0219             21.4821             22.1662             43.6160            -32.5375
             14.8000              0.0006              0.0248             23.6227             24.2161             43.0708            -25.9388
             14.6000              0.0006              0.0280             26.1281             26.6180             42.5256            -19.7168
             14.4000              0.0007              0.0317             29.0353             29.4176             41.9804            -13.9460
             14.2000              0.0008              0.0358             32.4157             32.6701             41.4352             -8.6678
             14.0000              0.0009              0.0404             36.3312             36.4399             40.8900             -3.9008
             13.8000              0.0010              0.0454             40.8423             40.7780             40.3448              0.3352
             13.6000              0.0011              0.0511             46.0622             45.7791             39.7996              4.0700
             13.4000              0.0012              0.0574             52.0631             51.5147             39.2544              7.3161
             13.2000              0.0013              0.0643             58.9420             58.0713             38.7092             10.1030
             13.0000              0.0015              0.0721             66.8464             65.5824             38.1640             12.4746
             12.8000              0.0016              0.0806             75.8689             74.1213             37.6188             14.4549
             12.6000              0.0018              0.0900             86.1719             83.8271             37.0736             16.0858
             12.4000              0.0020              0.1004             97.9281             94.8494             36.5284             17.4020
             12.2000              0.0022              0.1117            111.2592            107.2895             35.9832             18.4330
             12.0000              0.0024              0.1242            126.4313            121.0892             35.4380             19.1959
             11.8000              0.0027              0.1379            143.6235            136.8599             34.8928             19.7500
             11.6000              0.0030              0.1527            163.0265            154.5351             34.3476             20.1030
             11.4000              0.0033              0.1689            184.9928            174.3954             33.8024             20.2768
             11.2000              0.0036              0.1865            209.7048            196.5535             33.2572             20.2884
             11.0000              0.0040              0.2054            237.4869            221.2181             32.7120             20.1568
             10.8000              0.0044              0.2260            268.7748            248.7126             32.1668             19.8932
             10.6000              0.0048              0.2482            303.7452            277.6182             31.6216             19.4992
             10.4000              0.0053              0.2719            342.9087            310.9005             31.0764             19.0144
             10.2000              0.0058              0.2975            386.6452            347.5416             30.5312             18.4294
             10.0000              0.0064              0.3247            435.2725            387.7424             29.9860             17.7600
              9.8000              0.0070              0.3537            489.5353            431.8020             29.4408             17.0094
              9.6000              0.0076              0.3846            549.7402            479.7936             28.8956             16.1832
              9.4000              0.0083              0.4171            616.3558            531.8107             28.3504             15.2939
              9.2000              0.0090              0.4517            690.2126            581.5635             27.8052             14.3304
              9.0000              0.0098              0.4881            771.6002            640.9595             27.2600             13.3213
              8.8000              0.0107              0.5261            861.2321            704.5094             26.7148             12.2653
              8.6000              0.0116              0.5663            959.9094            772.4532             26.1696             11.1567
              8.4000              0.0126              0.6081           1067.9631            844.2010             25.6244             10.0117
              8.2000              0.0137              0.6517           1186.4093            920.1136             25.0792              8.8318
              8.0000              0.0148              0.6972           1315.9422            978.4212             24.5340              7.6103
              7.8000              0.0160              0.7442           1457.6470           1057.9599             23.9888              6.3743
              7.6000              0.0173              0.7930           1612.1399           1140.2098             23.4436              5.1106
              7.4000              0.0186              0.8434           1779.5405           1223.6490             22.8984              3.8268
              7.2000              0.0200              0.8952           1960.8028           1307.9780             22.3532              2.5355
              7.0000              0.0216              0.9489           2156.8534           1345.5278             21.8080              1.2231
              6.8000              0.0232              1.0011           2367.9136           1423.1956             21.2628             -0.0249
             29.8000              0.0001              0.0001             25.2120             74.8736             83.9608             -5.7880
             29.6000              0.0001              0.0001             24.8898             74.5711             83.4156             -5.6379
             29.4000              0.0001              0.0001             24.5695             74.2804             82.8704             -5.4791
             29.2000              0.0001              0.0001             24.2513             73.9815             82.3252             -5.3259
             29.0000              0.0001              0.0001             23.9351             73.6766             81.7800             -5.1767
             28.8000              0.0001              0.0001             23.6210             73.3606             81.2348             -5.0351
             28.6000              0.0001              0.0001             23.3088             73.0364             80.6896             -4.8989
             28.4000              0.0001              0.0001             22.9987             72.7064             80.1444             -4.7666
             28.2000              0.0001              0.0001             22.6906             72.3601             79.5992             -4.6455
             28.0000              0.0001              0.0001             22.3846             72.0035             79.0540             -4.5313
             27.8000              0.0001              0.0001             22.0806             71.6355             78.5088             -4.4247
             27.6000              0.0001              0.0001             21.7786             71.2513             77.9636             -4.3293
             27.4000              0.0001              0.0001             21.4787             70.8502             77.4184             -4.2454
             27.2000              0.0001              0.0001             21.1808             70.4307             76.8732             -4.1742
             27.0000              0.0001              0.0001             20.8850             69.9944             76.3280             -4.1145
             26.8000              0.0001              0.0001             20.5913             69.5335             75.7828             -4.0721
             26.6000              0.0001              0.0001             20.2996             69.0440             75.2376             -4.0497
             26.4000              0.0001              0.0001             20.0100             68.5214             74.6924             -4.0510
             26.2000              0.0001              0.0001             19.7226             67.9950             74.1472             -4.0550
             26.0000              0.0001              0.0001             19.4372             67.4232             73.6020             -4.0919
             25.8000              0.0001              0.0001             19.1539             66.8119             73.0568             -4.1581
             25.6000              0.0001              0.0001             18.8729             66.1574             72.5116             -4.2567
             25.4000              0.0001              0.0001             18.5939             65.4351             71.9664             -4.4070
             25.2000              0.0001              0.0001             18.3172             64.6574             71.4212             -4.6012
             25.0000              0.0001              0.0001             18.0427             63.7961             70.8760             -4.8626
             24.8000              0.0001              0.0001             17.7704             62.8604             70.3308             -5.1871
             24.6000              0.0001              0.0001             17.5005             61.8766             69.7856             -5.5573
             24.4000              0.0001              0.0001             17.2328             60.7285             69.2404             -6.0701
             24.2000              0.0001              0.0001             16.9676             59.5822             68.6952             -6.5977
             24.0000              0.0001              0.0001             16.7049             58.2860             68.1500             -7.2712
             23.8000              0.0001              0.0001             16.4447             56.8711             67.6048             -8.0766
             23.6000              0.0001              0.0001             16.1871             55.3387             67.0596             -9.0269
             23.4000              0.0001              0.0001             15.9322             53.6407             66.5144            -10.1869
             23.2000              0.0001              0.0001             15.6802             51.9537             65.9692            -11.4034
             23.0000              0.0001              0.0002             15.4312             50.1898             65.4240            -12.7773
             22.8000              0.0001              0.0002             15.1853             48.2059             64.8788            -14.4986
             22.6000              0.0001              0.0002             14.9427             46.2002             64.3336            -16.3837
             22.4000              0.0001              0.0002             14.7037             44.0924             63.7884            -18.5667
             22.2000              0.0001              0.0002             14.4686             42.0113             63.2432            -20.9157
             22.0000              0.0001              0.0002             14.2374             40.0059             62.6980            -23.3729
             21.8000              0.0001              0.0003             14.0105             37.7846             62.1528            -26.4583
             21.6000              0.0001              0.0003             13.7832             35.8667             61.6076            -29.3130
             21.4000              0.0001              0.0003             13.5604             33.7855             61.0624            -32.8284
             21.2000              0.0001              0.0004             13.3426             31.8564             60.5172            -36.4178
             21.0000              0.0001              0.0004             13.1299             30.0140             59.9720            -40.2184
             20.8000              0.0001              0.0005             12.9231             28.1572             59.4268            -44.5413
             20.6000              0.0001              0.0005             12.7228             26.5042             58.8816            -48.7675
             20.4000              0.0001              0.0006             12.5295             24.9062             58.3364            -53.3318
             20.2000              0.0001              0.0007             12.3442             23.4053             57.7912            -58.0960
             20.0000              0.0001              0.0008             12.1678             22.0764             57.2460            -62.6933
             19.8000              0.0001              0.0009             12.0012             20.8760             56.7008            -67.2035
             19.6000              0.0001              0.0010             11.8460             19.6875             56.1556            -72.1816
             19.4000              0.0001              0.0011             11.7036             18.7343             55.6104            -76.3184
             19.2000              0.0001              0.0013             11.5755             17.9010             55.0652            -80.0862
             19.0000              0.0001              0.0015             11.4641             17.0699             54.5200            -84.1950
             18.8000              0.0001              0.0017             11.3712             16.3529             53.9748            -87.8279
             18.6000              0.0001              0.0020             11.2996             15.7494             53.4296            -90.8492
             18.4000              0.0001              0.0023             11.2530             15.2146             52.8844            -93.5080
             18.2000              0.0001              0.0026             11.2338             14.7525             52.3392            -95.6940
             18.0000              0.0002              0.0030             11.2472             14.3582             51.7940            -97.3783
             17.8000              0.0002              0.0034             11.2979             14.0807             51.2488            -98.0233
             17.6000              0.0002              0.0039             11.3906             13.8852             50.7036            -97.8942
             17.4000              0.0002              0.0045             11.5339             13.7519             50.1584            -97.1538
             17.2000              0.0002              0.0052             11.7334             13.7849             49.6132            -94.7986
             17.0000              0.0002              0.0059             11.9983             13.8508             49.0680            -92.1587
             16.8000              0.0002              0.0068             12.3408             14.0033             48.5228            -88.7747
             16.6000              0.0002              0.0078             12.7694             14.2682             47.9776            -84.5191
             16.4000              0.0003              0.0089             13.3000             14.6573             47.4324            -79.4511
             16.2000              0.0003              0.0101             13.9492             15.1854             46.8872            -73.6555
             16.0000              0.0003              0.0115             14.7315             15.8508             46.3420            -67.3772
             15.8000              0.0004              0.0131             15.6672             16.6842             45.7968            -60.6581
             15.6000              0.0004              0.0149             16.7796             17.7036             45.2516            -53.6715
             15.4000              0.0004              0.0170             18.0956             18.9314             44.7064            -46.5800
             15.2000              0.0005              0.0193             19.6537             20.4269             44.1612            -39.4160
             15.0000              0.0005              0.0219             21.4821             22.1662             43.6160            -32.5375
             14.8000              0.0006              0.0248             23.6227             24.2161             43.0708            -25.9388
             14.6000              0.0006              0.0280             26.1281             26.6180             42.5256            -19.7168
             14.4000              0.0007              0.0317             29.0353             29.4176             41.9804            -13.9460
             14.2000              0.0008              0.0358             32.4157             32.6701             41.4352             -8.6678
             14.0000              0.0009              0.0404             36.3312             36.4399             40.8900             -3.9008
             13.8000              0.0010              0.0454             40.8423             40.7780             40.3448              0.3352
             13.6000              0.0011              0.0511             46.0622             45.7791             39.7996              4.0700
             13.4000              0.0012              0.0574             52.0631             51.5147             39.2544              7.3161
             13.2000              0.0013              0.0643             58.9420             58.0713             38.7092             10.1030
             13.0000              0.0015              0.0721             66.8464             65.5824             38.1640             12.4746
             12.8000              0.0016              0.0806             75.8689             74.1213             37.6188             14.4549
             12.6000              0.0018              0.0900             86.1719             83.8271             37.0736             16.0858
             12.4000              0.0020              0.1004             97.9281             94.8494             36.5284             17.4020
             12.2000              0.0022              0.1117            111.2592            107.2895             35.9832             18.4330
             12.0000              0.0024              0.1242            126.4313            121.0892             35.4380             19.1959
             11.8000              0.0027              0.1379            143.6235            136.8599             34.8928             19.7500
             11.6000              0.0030              0.1527            163.0265            154.5351             34.3476             20.1030
             11.4000              0.0033              0.1689            184.9928            174.3954             33.8024             20.2768
             11.2000              0.0036              0.1865            209.7048            196.5535             33.2572             20.2884
             11.0000              0.0040              0.2054            237.4869            221.2181             32.7120             20.1568
             10.8000              0.0044              0.2260            268.7748            248.7126             32.1668             19.8932
             10.6000              0.0048              0.2482            303.7452            277.6182             31.6216             19.4992
             10.4000              0.0053              0.2719            342.9087            310.9005             31.0764             19.0144
             10.2000              0.0058              0.2975            386.6452            347.5416             30.5312             18.4294
             10.0000              0.0064              0.3247            435.2725            387.7424             29.9860             17.7600
              9.8000              0.0070              0.3537            489.5353            431.8020             29.4408             17.0094
              9.6000              0.0076              0.3846            549.7402            479.7936             28.8956             16.1832
              9.4000              0.0083              0.4171            616.3558            531.8107             28.3504             15.2939
              9.2000              0.0090              0.4517            690.2126            581.5635             27.8052             14.3304
              9.0000              0.0098              0.4881            771.6002            640.9595             27.2600             13.3213
              8.8000              0.0107              0.5261            861.2321            704.5094             26.7148             12.2653
              8.6000              0.0116              0.5663            959.9094            772.4532             26.1696             11.1567
              8.4000              0.0126              0.6081           1067.9631            844.2010             25.6244             10.0117
              8.2000              0.0137              0.6517           1186.4093            920.1136             25.0792              8.8318
              8.0000              0.0148              0.6972           1315.9422            978.4212             24.5340              7.6103
              7.8000              0.0160              0.7442           1457.6470           1057.9599             23.9888              6.3743
              7.6000              0.0173              0.7930           1612.1399           1140.2098             23.4436              5.1106
              7.4000              0.0186              0.8434           1779.5405           1223.6490             22.8984              3.8268
              7.2000              0.0200              0.8952           1960.8028           1307.9780             22.3532              2.5355
              7.0000              0.0216              0.9489           2156.8534           1345.5278             21.8080              1.2231
              6.8000              0.0232              1.0011           2367.9136           1423.1956             21.2628             -0.0249
             29.8000              0.0001              0.0001             25.2120             74.8736             83.9608             -5.7880
             29.6000              0.0001              0.0001             24.8898             74.5711             83.4156             -5.6379
             29.4000              0.0001              0.0001             24.5695             74.2804             82.8704             -5.4791
             29.2000              0.0001              0.0001             24.2513             73.9815             82.3252             -5.3259
             29.0000              0.0001              0.0001             23.9351             73.6766             81.7800             -5.1767
             28.8000              0.0001              0.0001             23.6210             73.3606             81.2348             -5.0351
             28.6000              0.0001              0.0001             23.3088             73.0364             80.6896             -4.8989
             28.4000              0.0001              0.0001             22.9987             72.7064             80.1444             -4.7666
             28.2000              0.0001              0.0001             22.6906             72.3601             79.5992             -4.6455
             28.0000              0.0001              0.0001             22.3846             72.0035             79.0540             -4.5313
             27.8000              0.0001              0.0001             22.0806             71.6355             78.5088             -4.4247
             27.6000              0.0001              0.0001             21.7786             71.2513             77.9636             -4.3293
             27.4000              0.0001              0.0001             21.4787             70.8502             77.4184             -4.2454
             27.2000              0.0001              0.0001             21.1808             70.4307             76.8732             -4.1742
             27.0000              0.0001              0.0001             20.8850             69.9944             76.3280             -4.1145
             26.8000              0.0001              0.0001             20.5913             69.5335             75.7828             -4.0721
             26.6000              0.0001              0.0001             20.2996             69.0440             75.2376             -4.0497
             26.4000              0.0001              0.0001             20.0100             68.5214             74.6924             -4.0510
             26.2000              0.0001              0.0001             19.7226             67.9950             74.1472             -4.0550
             26.0000              0.0001              0.0001             19.4372             67.4232             73.6020             -4.0919
             25.8000              0.0001              0.0001             19.1539             66.8119             73.0568             -4.1581
             25.6000              0.0001              0.0001             18.8729             66.1574             72.5116             -4.2567
             25.4000              0.0001              0.0001             18.5939             65.4351             71.9664             -4.4070
             25.2000              0.0001              0.0001             18.3172             64.6574             71.4212             -4.6012
             25.0000              0.0001              0.0001             18.0427             63.7961             70.8760             -4.8626
             24.8000              0.0001              0.0001             17.7704             62.8604             70.3308             -5.1871
             24.6000              0.0001              0.0001             17.5005             61.8766             69.7856             -5.5573
             24.4000              0.0001              0.0001             17.2328             60.7285             69.2404             -6.0701
             24.2000              0.0001              0.0001             16.9676             59.5822             68.6952             -6.5977
             24.0000              0.0001              0.0001             16.7049             58.2860             68.1500             -7.2712
             23.8000              0.0001              0.0001             16.4447             56.8711             67.6048             -8.0766
             23.6000              0.0001              0.0001             16.1871             55.3387             67.0596             -9.0269
             23.4000              0.0001              0.0001             15.9322             53.6407             66.5144            -10.1869
             23.2000              0.0001              0.0001             15.6802             51.9537             65.9692            -11.4034
             23.0000              0.0001              0.0002             15.4312             50.1898             65.4240            -12.7773
             22.8000              0.0001              0.0002             15.1853             48.2059             64.8788            -14.4986
             22.6000              0.0001              0.0002             14.9427             46.2002             64.3336            -16.3837
             22.4000              0.0001              0.0002             14.7037             44.0924             63.7884            -18.5667
             22.2000              0.0001              0.0002             14.4686             42.0113             63.2432            -20.9157
             22.0000              0.0001              0.0002             14.2374             40.0059             62.6980            -23.3729
             21.8000              0.0001              0.0003             14.0105             37.7846             62.1528            -26.4583
             21.6000              0.0001              0.0003             13.7832             35.8667             61.6076            -29.3130
             21.4000              0.0001              0.0003             13.5604             33.7855             61.0624            -32.8284
             21.2000              0.0001              0.0004             13.3426             31.8564             60.5172            -36.4178
             21.0000              0.0001              0.0004             13.1299             30.0140             59.9720            -40.2184
             20.8000              0.0001              0.0005             12.9231             28.1572             59.4268            -44.5413
             20.6000              0.0001              0.0005             12.7228             26.5042             58.8816            -48.7675
             20.4000              0.0001              0.0006             12.5295             24.9062             58.3364            -53.3318
             20.2000              0.0001              0.0007             12.3442             23.4053             57.7912            -58.0960
             20.0000              0.0001              0.0008             12.1678             22.0764             57.2460            -62.6933
             19.8000              0.0001              0.0009             12.0012             20.8760             56.7008            -67.2035
             19.6000              0.0001              0.0010             11.8460             19.6875             56.1556            -72.1816
             19.4000              0.0001              0.0011             11.7036             18.7343             55.6104            -76.3184
             19.2000              0.0001              0.0013             11.5755             17.9010             55.0652            -80.0862
             19.0000              0.0001              0.0015             11.4641             17.0699             54.5200            -84.1950
             18.8000              0.0001              0.0017             11.3712             16.3529             53.9748            -87.8279
             18.6000              0.0001              0.0020             11.2996             15.7494             53.4296            -90.8492
             18.4000              0.0001              0.0023             11.2530             15.2146             52.8844            -93.5080
             18.2000              0.0001              0.0026             11.2338             14.7525             52.3392            -95.6940
             18.0000              0.0002              0.0030             11.2472             14.3582             51.7940            -97.3783
             17.8000              0.0002              0.0034             11.2979             14.0807             51.2488            -98.0233
             17.6000              0.0002              0.0039             11.3906             13.8852             50.7036            -97.8942
             17.4000              0.0002              0.0045             11.5339             13.7519             50.1584            -97.1538
             17.2000              0.0002              0.0052             11.7334             13.7849             49.6132            -94.7986
             17.0000              0.0002              0.0059             11.9983             13.8508             49.0680            -92.1587
             16.8000              0.0002              0.0068             12.3408             14.0033             48.5228            -88.7747
             16.6000              0.0002              0.0078             12.7694             14.2682             47.9776            -84.5191
             16.4000              0.0003              0.0089             13.3000             14.6573             47.4324            -79.4511
             16.2000              0.0003              0.0101             13.9492             15.1854             46.8872            -73.6555
             16.0000              0.0003              0.0115             14.7315             15.8508             46.3420            -67.3772
             15.8000              0.0004              0.0131             15.6672             16.6842             45.7968            -60.6581
             15.6000              0.0004              0.0149             16.7796             17.7036             45.2516            -53.6715
             15.4000              0.0004              0.0170             18.0956             18.9314             44.7064            -46.5800
             15.2000              0.0005              0.0193             19.6537             20.4269             44.1612            -39.4160
             15.0000              0.0005              0.0219             21.4821             22.1662             43.6160            -32.5375
             14.8000              0.0006              0.0248             23.6227             24.2161             43.0708            -25.9388
             14.6000              0.0006              0.0280             26.1281             26.6180             42.5256            -19.7168
             14.4000              0.0007              0.0317             29.0353             29.4176             41.9804            -13.9460
             14.2000              0.0008              0.0358             32.4157             32.6701             41.4352             -8.6678
             14.0000              0.0009              0.0404             36.3312             36.4399             40.8900             -3.9008
             13.8000              0.0010              0.0454             40.8423             40.7780             40.3448              0.3352
             13.6000              0.0011              0.0511             46.0622             45.7791             39.7996              4.0700
             13.4000              0.0012              0.0574             52.0631             51.5147             39.2544              7.3161
             13.2000              0.0013              0.0643             58.9420             58.0713             38.7092             10.1030
             13.0000              0.0015              0.0721             66.8464             65.5824             38.1640             12.4746
             12.8000              0.0016              0.0806             75.8689             74.1213             37.6188             14.4549
             12.6000              0.0018              0.0900             86.1719             83.8271             37.0736             16.0858
             12.4000              0.0020              0.1004             97.9281             94.8494             36.5284             17.4020
             12.2000              0.0022              0.1117            111.2592            107.2895             35.9832             18.4330
             12.0000              0.0024              0.1242            126.4313            121.0892             35.4380             19.1959
             11.8000              0.0027              0.1379            143.6235            136.8599             34.8928             19.7500
             11.6000              0.0030              0.1527            163.0265            154.5351             34.3476             20.1030
             11.4000              0.0033              0.1689            184.9928            174.3954             33.8024             20.2768
             11.2000              0.0036              0.1865            209.7048            196.5535             33.2572             20.2884
             11.0000              0.0040              0.2054            237.4869            221.2181             32.7120             20.1568
             10.8000              0.0044              0.2260            268.7748            248.7126             32.1668             19.8932
             10.6000              0.0048              0.2482            303.7452            277.6182             31.6216             19.4992
             10.4000              0.0053              0.2719            342.9087            310.9005             31.0764             19.0144
             10.2000              0.0058              0.2975            386.6452            347.5416             30.5312             18.4294
             10.0000              0.0064              0.3247            435.2725            387.7424             29.9860             17.7600
              9.8000              0.0070              0.3537            489.5353            431.8020             29.4408             17.0094
              9.6000              0.0076              0.3846            549.7402            479.7936             28.8956             16.1832
              9.4000              0.0083              0.4171            616.3558            531.8107             28.3504             15.2939
              9.2000              0.0090              0.4517            690.2126            581.5635             27.8052             14.3304
              9.0000              0.0098              0.4881            771.6002            640.9595             27.2600             13.3213
              8.8000              0.0107              0.5261            861.2321            704.5094             26.7148             12.2653
              8.6000              0.0116              0.5663            959.9094            772.4532             26.1696             11.1567
              8.4000              0.0126              0.6081           1067.9631            844.2010             25.6244             10.0117
              8.2000              0.0137              0.6517           1186.4093            920.1136             25.0792              8.8318
              8.0000              0.0148              0.6972           1315.9422            978.4212             24.5340              7.6103
              7.8000              0.0160              0.7442           1457.6470           1057.9599             23.9888              6.3743
              7.6000              0.0173              0.7930           1612.1399           1140.2098             23.4436              5.1106
              7.4000              0.0186              0.8434           1779.5405           1223.6490             22.8984              3.8268
              7.2000              0.0200              0.8952           1960.8028           1307.9780             22.3532              2.5355
              7.0000              0.0216              0.9489           2156.8534           1345.5278             21.8080              1.2231
              6.8000              0.0232              1.0011           2367.9136           1423.1956             21.2628             -0.0249
             29.8000              0.0001              0.0001             25.2120             74.8736             83.9608             -5.7880
             29.6000              0.0001              0.0001             24.8898             74.5711             83.4156             -5.6379
             29.4000              0.0001              0.0001             24.5695             74.2804             82.8704             -5.4791
             29.2000              0.0001              0.0001             24.2513             73.9815             82.3252             -5.3259
             29.0000              0.0001              0.0001             23.9351             73.6766             81.7800             -5.1767
             28.8000              0.0001              0.0001             23.6210             73.3606             81.2348             -5.0351
             28.6000              0.0001              0.0001             23.3088             73.0364             80.6896             -4.8989
             28.4000              0.0001              0.0001             22.9987             72.7064             80.1444             -4.7666
             28.2000              0.0001              0.0001             22.6906             72.3601             79.5992             -4.6455
             28.0000              0.0001              0.0001             22.3846             72.0035             79.0540             -4.5313
             27.8000              0.0001              0.0001             22.0806             71.6355             78.5088             -4.4247
             27.6000              0.0001              0.0001             21.7786             71.2513             77.9636             -4.3293
             27.4000              0.0001              0.0001             21.4787             70.8502             77.4184             -4.2454
             27.2000              0.0001              0.0001             21.1808             70.4307             76.8732             -4.1742
             27.0000              0.0001              0.0001             20.8850             69.9944             76.3280             -4.1145
             26.8000              0.0001              0.0001             20.5913             69.5335             75.7828             -4.0721
             26.6000              0.0001              0.0001             20.2996             69.0440             75.2376             -4.0497
             26.4000              0.0001              0.0001             20.0100             68.5214             74.6924             -4.0510
             26.2000              0.0001              0.0001             19.7226             67.9950             74.1472             -4.0550
             26.0000              0.0001              0.0001             19.4372             67.4232             73.6020             -4.0919
             25.8000              0.0001              0.0001             19.1539             66.8119             73.0568             -4.1581
             25.6000              0.0001              0.0001             18.8729             66.1574             72.5116             -4.2567
             25.4000              0.0001              0.0001             18.5939             65.4351             71.9664             -4.4070
             25.2000              0.0001              0.0001             18.3172             64.6574             71.4212             -4.6012
             25.0000              0.0001              0.0001             18.0427             63.7961             70.8760             -4.8626
             24.8000              0.0001              0.0001             17.7704             62.8604             70.3308             -5.1871
             24.6000              0.0001              0.0001             17.5005             61.8766             69.7856             -5.5573
             24.4000              0.0001              0.0001             17.2328             60.7285             69.2404             -6.0701
             24.2000              0.0001              0.0001             16.9676             59.5822             68.6952             -6.5977
             24.0000              0.0001              0.0001             16.7049             58.2860             68.1500             -7.2712
             23.8000              0.0001              0.0001             16.4447             56.8711             67.6048             -8.0766
             23.6000              0.0001              0.0001             16.1871             55.3387             67.0596             -9.0269
             23.4000              0.0001              0.0001             15.9322             53.6407             66.5144            -10.1869
             23.2000              0.0001              0.0001             15.6802             51.9537             65.9692            -11.4034
             23.0000              0.0001              0.0002             15.4312             50.1898             65.4240            -12.7773
             22.8000              0.0001              0.0002             15.1853             48.2059             64.8788            -14.4986
             22.6000              0.0001              0.0002             14.9427             46.2002             64.3336            -16.3837
             22.4000              0.0001              0.0002             14.7037             44.0924             63.7884            -18.5667
             22.2000              0.0001              0.0002             14.4686             42.0113             63.2432            -20.9157
             22.0000              0.0001              0.0002             14.2374             40.0059             62.6980            -23.3729
             21.8000              0.0001              0.0003             14.0105             37.7846             62.1528            -26.4583
             21.6000              0.0001              0.0003             13.7832             35.8667             61.6076            -29.3130
             21.4000              0.0001              0.0003             13.5604             33.7855             61.0624            -32.8284
             21.2000              0.0001              0.0004             13.3426             31.8564             60.5172            -36.4178
             21.0000              0.0001              0.0004             13.1299             30.0140             59.9720            -40.2184
             20.8000              0.0001              0.0005             12.9231             28.1572             59.4268            -44.5413
             20.6000              0.0001              0.0005             12.7228             26.5042             58.8816            -48.7675
             20.4000              0.0001              0.0006             12.5295             24.9062             58.3364            -53.3318
             20.2000              0.0001              0.0007             12.3442             23.4053             57.7912            -58.0960
             20.0000              0.0001              0.0008             12.1678             22.0764             57.2460            -62.6933
             19.8000              0.0001              0.0009             12.0012             20.8760             56.7008            -67.2035
             19.6000              0.0001              0.0010             11.8460             19.6875             56.1556            -72.1816
             19.4000              0.0001              0.0011             11.7036             18.7343             55.6104            -76.3184
             19.2000              0.0001              0.0013             11.5755             17.9010             55.0652            -80.0862
             19.0000              0.0001              0.0015             11.4641             17.0699             54.5200            -84.1950
             18.8000              0.0001              0.0017             11.3712             16.3529             53.9748            -87.8279
             18.6000              0.0001              0.0020             11.2996             15.7494             53.4296            -90.8492
             18.4000              0.0001              0.0023             11.2530             15.2146             52.8844            -93.5080
             18.2000              0.0001              0.0026             11.2338             14.7525             52.3392            -95.6940
             18.0000              0.0002              0.0030             11.2472             14.3582             51.7940            -97.3783
             17.8000              0.0002              0.0034             11.2979             14.0807             51.2488            -98.0233
             17.6000              0.0002              0.0039             11.3906             13.8852             50.7036            -97.8942
             17.4000              0.0002              0.0045             11.5339             13.7519             50.1584            -97.1538
             17.2000              0.0002              0.0052             11.7334             13.7849             49.6132            -94.7986
             17.0000              0.0002              0.0059             11.9983             13.8508             49.0680            -92.1587
             16.8000              0.0002              0.0068             12.3408             14.0033             48.5228            -88.7747
             16.6000              0.0002              0.0078             12.7694             14.2682             47.9776            -84.5191
             16.4000              0.0003              0.0089             13.3000             14.6573             47.4324            -79.4511
             16.2000              0.0003              0.0101             13.9492             15.1854             46.8872            -73.6555
             16.0000              0.0003              0.0115             14.7315             15.8508             46.3420            -67.3772
             15.8000              0.0004              0.0131             15.6672             16.6842             45.7968            -60.6581
             15.6000              0.0004              0.0149             16.7796             17.7036             45.2516            -53.6715
             15.4000              0.0004              0.0170             18.0956             18.9314             44.7064            -46.5800
             15.2000              0.0005              0.0193             19.6537             20.4269             44.1612            -39.4160
             15.0000              0.0005              0.0219             21.4821             22.1662             43.6160            -32.5375
             14.8000              0.0006              0.0248             23.6227             24.2161             43.0708            -25.9388
             14.6000              0.0006              0.0280             26.1281             26.6180             42.5256            -19.7168
             14.4000              0.0007              0.0317             29.0353             29.4176             41.9804            -13.9460
             14.2000              0.0008              0.0358             32.4157             32.6701             41.4352             -8.6678
             14.0000              0.0009              0.0404             36.3312             36.4399             40.8900             -3.9008
             13.8000              0.0010              0.0454             40.8423             40.7780             40.3448              0.3352
             13.6000              0.0011              0.0511             46.0622             45.7791             39.7996              4.0700
             13.4000              0.0012              0.0574             52.0631             51.5147             39.2544              7.3161
             13.2000              0.0013              0.0643             58.9420             58.0713             38.7092             10.1030
             13.0000              0.0015              0.0721             66.8464             65.5824             38.1640             12.4746
             12.8000              0.0016              0.0806             75.8689             74.1213             37.6188             14.4549
             12.6000              0.0018              0.0900             86.1719             83.8271             37.0736             16.0858
             12.4000              0.0020              0.1004             97.9281             94.8494             36.5284             17.4020
             12.2000              0.0022              0.1117            111.2592            107.2895             35.9832             18.4330
             12.0000              0.0024              0.1242            126.4313            121.0892             35.4380             19.1959
             11.8000              0.0027              0.1379            143.6235            136.8599             34.8928             19.7500
             11.6000              0.0030              0.1527            163.0265            154.5351             34.3476             20.1030
             11.4000              0.0033              0.1689            184.9928            174.3954             33.8024             20.2768
             11.2000              0.0036              0.1865            209.7048            196.5535             33.2572             20.2884
             11.0000              0.0040              0.2054            237.4869            221.2181             32.7120             20.1568
             10.8000              0.0044              0.2260            268.7748            248.7126             32.1668             19.8932
             10.6000              0.0048              0.2482            303.7452            277.6182             31.6216             19.4992
             10.4000              0.0053              0.2719            342.9087            310.9005             31.0764             19.0144
             10.2000              0.0058              0.2975            386.6452            347.5416             30.5312             18.4294
             10.0000              0.0064              0.3247            435.2725            387.7424             29.9860             17.7600
              9.8000              0.0070              0.3537            489.5353            431.8020             29.4408             17.0094
              9.6000              0.0076              0.3846            549.7402            479.7936             28.8956             16.1832
              9.4000              0.0083              0.4171            616.3558            531.8107             28.3504             15.2939
              9.2000              0.0090              0.4517            690.2126            581.5635             27.8052             14.3304
              9.0000              0.0098              0.4881            771.6002            640.9595             27.2600             13.3213
              8.8000              0.0107              0.5261            861.2321            704.5094             26.7148             12.2653
              8.6000              0.0116              0.5663            959.9094            772.4532             26.1696             11.1567
              8.4000              0.0126              0.6081           1067.9631            844.2010             25.6244             10.0117
              8.2000              0.0137              0.6517           1186.4093            920.1136             25.0792              8.8318
              8.0000              0.0148              0.6972           1315.9422            978.4212             24.5340              7.6103
              7.8000              0.0160              0.7442           1457.6470           1057.9599             23.9888              6.3743
              7.6000              0.0173              0.7930           1612.1399           1140.2098             23.4436              5.1106
              7.4000              0.0186              0.8434           1779.5405           1223.6490             22.8984              3.8268
              7.2000              0.0200              0.8952           1960.8028           1307.9780             22.3532              2.5355
              7.0000              0.0216              0.9489           2156.8534           1345.5278             21.8080              1.2231
              6.8000              0.0232              1.0011           2367.9136           1423.1956             21.2628             -0.0249
